0,0,0.34902
0.0021808,0.004566,0.35168
0.0043616,0.009132,0.35434
0.0065423,0.013698,0.35699
0.0087231,0.018264,0.35965
0.010904,0.02283,0.36231
0.013085,0.027396,0.36497
0.015265,0.031962,0.36762
0.017446,0.036528,0.37028
0.019627,0.041094,0.37294
0.021808,0.04566,0.3756
0.023989,0.050226,0.37826
0.026169,0.054792,0.38091
0.02835,0.059358,0.38357
0.030531,0.063924,0.38623
0.032712,0.06849,0.38889
0.034892,0.073056,0.39155
0.037073,0.077622,0.3942
0.039254,0.082188,0.39686
0.041435,0.086754,0.39952
0.043616,0.09132,0.40218
0.045796,0.095886,0.40483
0.047977,0.10045,0.40749
0.050158,0.10502,0.41015
0.052339,0.10958,0.41281
0.054519,0.11415,0.41547
0.0567,0.11872,0.41812
0.058881,0.12328,0.42078
0.061062,0.12785,0.42344
0.063242,0.13241,0.4261
0.065423,0.13698,0.42875
0.067604,0.14155,0.43141
0.069785,0.14611,0.43407
0.071966,0.15068,0.43673
0.074146,0.15524,0.43939
0.076327,0.15981,0.44204
0.078508,0.16438,0.4447
0.080689,0.16894,0.44736
0.082869,0.17351,0.45002
0.08505,0.17807,0.45268
0.087231,0.18264,0.45533
0.089412,0.18721,0.45799
0.091593,0.19177,0.46065
0.093773,0.19634,0.46331
0.095954,0.2009,0.46596
0.098135,0.20547,0.46862
0.10032,0.21004,0.47128
0.1025,0.2146,0.47394
0.10468,0.21917,0.4766
0.10686,0.22373,0.47925
0.10904,0.2283,0.48191
0.11122,0.23287,0.48457
0.1134,0.23743,0.48723
0.11558,0.242,0.48988
0.11776,0.24656,0.49254
0.11994,0.25113,0.4952
0.12212,0.2557,0.49786
0.1243,0.26026,0.50052
0.12755,0.26531,0.50369
0.13206,0.27093,0.50749
0.13657,0.27655,0.51129
0.14108,0.28217,0.51509
0.14559,0.28778,0.51889
0.1501,0.2934,0.52269
0.15461,0.29902,0.52649
0.15913,0.30464,0.53029
0.16364,0.31026,0.53408
0.16815,0.31588,0.53788
0.17266,0.3215,0.54168
0.17717,0.32712,0.54548
0.18168,0.33274,0.54928
0.18619,0.33836,0.55308
0.1907,0.34398,0.55688
0.19521,0.34959,0.56068
0.19972,0.35521,0.56447
0.20424,0.36083,0.56827
0.20875,0.36645,0.57207
0.21326,0.37207,0.57587
0.21777,0.37769,0.57967
0.22228,0.38331,0.58347
0.22679,0.38893,0.58727
0.2313,0.39455,0.59107
0.23581,0.40017,0.59486
0.24032,0.40578,0.59866
0.24484,0.4114,0.60246
0.24935,0.41702,0.60626
0.25386,0.42264,0.61006
0.25837,0.42826,0.61386
0.26288,0.43388,0.61766
0.26739,0.4395,0.62146
0.2719,0.44512,0.62525
0.27641,0.45074,0.62905
0.28092,0.45636,0.63285
0.28543,0.46197,0.63665
0.28995,0.46759,0.64045
0.29446,0.47321,0.64425
0.29897,0.47883,0.64805
0.30348,0.48445,0.65185
0.30799,0.49007,0.65564
0.3125,0.49569,0.65944
0.31701,0.50131,0.66324
0.32152,0.50693,0.66704
0.32603,0.51255,0.67084
0.33055,0.51816,0.67464
0.33506,0.52378,0.67844
0.33957,0.5294,0.68224
0.34408,0.53502,0.68604
0.34859,0.54064,0.68983
0.3531,0.54626,0.69363
0.35761,0.55188,0.69743
0.36212,0.5575,0.70123
0.36663,0.56312,0.70503
0.37114,0.56874,0.70883
0.37566,0.57436,0.71263
0.38017,0.57997,0.71643
0.38468,0.58559,0.72022
0.38919,0.59121,0.72402
0.3937,0.59683,0.72782
0.39821,0.60245,0.73162
0.40272,0.60807,0.73542
0.40723,0.61369,0.73922
0.41174,0.61931,0.74302
0.41626,0.62493,0.74682
0.42077,0.63055,0.75061
0.42528,0.63616,0.75441
0.42979,0.64178,0.75821
0.4343,0.6474,0.76201
0.43881,0.65302,0.76581
0.44332,0.65864,0.76961
0.44783,0.66426,0.77341
0.45234,0.66988,0.77721
0.45685,0.6755,0.781
0.46137,0.68112,0.7848
0.46588,0.68674,0.7886
0.47039,0.69235,0.7924
0.4749,0.69797,0.7962
0.47941,0.70359,0.8
0.48392,0.70921,0.8038
0.48843,0.71483,0.8076
0.49294,0.72045,0.81139
0.49745,0.72607,0.81519
0.50197,0.73169,0.81899
0.50648,0.73731,0.82279
0.51099,0.74293,0.82659
0.5155,0.74854,0.83039
0.52001,0.75416,0.83419
0.52452,0.75978,0.83799
0.52903,0.7654,0.84178
0.53354,0.77102,0.84558
0.53805,0.77664,0.84938
0.54256,0.78226,0.85318
0.54708,0.78788,0.85698
0.55159,0.7935,0.86078
0.5561,0.79912,0.86458
0.56061,0.80474,0.86838
0.56512,0.81035,0.87217
0.56963,0.81597,0.87597
0.57333,0.81954,0.87816
0.57556,0.81935,0.87739
0.57778,0.81916,0.87663
0.58,0.81897,0.87586
0.58223,0.81877,0.87509
0.58445,0.81858,0.87433
0.58667,0.81839,0.87356
0.5889,0.8182,0.87279
0.59112,0.81801,0.87203
0.59334,0.81782,0.87126
0.59557,0.81762,0.87049
0.59779,0.81743,0.86973
0.60001,0.81724,0.86896
0.60224,0.81705,0.86819
0.60446,0.81686,0.86743
0.60668,0.81667,0.86666
0.60891,0.81647,0.86589
0.61113,0.81628,0.86513
0.61335,0.81609,0.86436
0.61558,0.8159,0.86359
0.6178,0.81571,0.86283
0.62002,0.81552,0.86206
0.62225,0.81532,0.86129
0.62447,0.81513,0.86053
0.6267,0.81494,0.85976
0.62892,0.81475,0.85899
0.63114,0.81456,0.85823
0.63337,0.81437,0.85746
0.63559,0.81417,0.85669
0.63781,0.81398,0.85593
0.64004,0.81379,0.85516
0.64226,0.8136,0.85439
0.64448,0.81341,0.85363
0.64671,0.81322,0.85286
0.64893,0.81302,0.85209
0.65115,0.81283,0.85133
0.65338,0.81264,0.85056
0.6556,0.81245,0.84979
0.65782,0.81226,0.84903
0.66005,0.81207,0.84826
0.66227,0.81187,0.84749
0.66449,0.81168,0.84673
0.66672,0.81149,0.84596
0.66894,0.8113,0.84519
0.67116,0.81111,0.84443
0.67339,0.81092,0.84366
0.67561,0.81072,0.84289
0.67783,0.81053,0.84213
0.68006,0.81034,0.84136
0.68228,0.81015,0.84059
0.6845,0.80996,0.83983
0.68673,0.80977,0.83906
0.68895,0.80957,0.83829
0.69117,0.80938,0.83753
0.6934,0.80919,0.83676
0.69562,0.809,0.83599
0.69784,0.80881,0.83523
0.70007,0.80862,0.83446
0.70229,0.80842,0.83369
0.70451,0.80823,0.83293
0.70674,0.80804,0.83216
0.70896,0.80785,0.83139
0.71118,0.80766,0.83063
0.71341,0.80747,0.82986
0.71563,0.80727,0.82909
0.71785,0.80708,0.82833
0.72008,0.80689,0.82756
0.7223,0.8067,0.82679
0.72452,0.80651,0.82603
0.72675,0.80631,0.82526
0.72897,0.80612,0.82449
0.73119,0.80593,0.82373
0.73342,0.80574,0.82296
0.73564,0.80555,0.82219
0.73786,0.80536,0.82143
0.74009,0.80516,0.82066
0.74231,0.80497,0.81989
0.74453,0.80478,0.81913
0.74676,0.80459,0.81836
0.74898,0.8044,0.81759
0.7512,0.80421,0.81683
0.75343,0.80401,0.81606
0.75565,0.80382,0.81529
0.75787,0.80363,0.81453
0.7601,0.80344,0.81376
0.76232,0.80325,0.81299
0.76454,0.80306,0.81223
0.76677,0.80286,0.81146
0.76899,0.80267,0.81069
0.77121,0.80248,0.80993
0.77344,0.80229,0.80916
0.77566,0.8021,0.80839
0.77788,0.80191,0.80763
0.78011,0.80171,0.80686
0.78233,0.80152,0.80609
0.78455,0.80133,0.80533
0.78678,0.80114,0.80456
0.789,0.80095,0.80379
0.79122,0.80076,0.80303
0.79345,0.80056,0.80226
0.79567,0.80037,0.80149
0.79789,0.80018,0.80073
0.80015,0.80011,0.80004
0.80295,0.80228,0.8008
0.80576,0.80444,0.80156
0.80856,0.8066,0.80232
0.81136,0.80876,0.80308
0.81417,0.81092,0.80384
0.81697,0.81308,0.8046
0.81978,0.81524,0.80536
0.82258,0.81741,0.80612
0.82538,0.81957,0.80687
0.82819,0.82173,0.80763
0.83099,0.82389,0.80839
0.8338,0.82605,0.80915
0.8366,0.82821,0.80991
0.8394,0.83037,0.81067
0.84221,0.83253,0.81143
0.84501,0.8347,0.81219
0.84781,0.83686,0.81295
0.85062,0.83902,0.81371
0.85342,0.84118,0.81447
0.85623,0.84334,0.81523
0.85903,0.8455,0.81599
0.86183,0.84766,0.81675
0.86464,0.84982,0.81751
0.86744,0.85199,0.81827
0.87025,0.85415,0.81902
0.87305,0.85631,0.81978
0.87585,0.85847,0.82054
0.87866,0.86063,0.8213
0.88146,0.86279,0.82206
0.88426,0.86495,0.82282
0.88707,0.86712,0.82358
0.88987,0.86928,0.82434
0.89268,0.87144,0.8251
0.89548,0.8736,0.82586
0.89828,0.87576,0.82662
0.90109,0.87792,0.82738
0.90389,0.88008,0.82814
0.9067,0.88224,0.8289
0.9095,0.88441,0.82966
0.9123,0.88657,0.83042
0.91511,0.88873,0.83117
0.91791,0.89089,0.83193
0.92071,0.89305,0.83269
0.92352,0.89521,0.83345
0.92632,0.89737,0.83421
0.92913,0.89953,0.83497
0.93193,0.9017,0.83573
0.93473,0.90386,0.83649
0.93754,0.90602,0.83725
0.94034,0.90818,0.83801
0.94315,0.91034,0.83877
0.94595,0.9125,0.83953
0.94875,0.91466,0.84029
0.95156,0.91683,0.84105
0.95436,0.91899,0.84181
0.95716,0.92115,0.84257
0.95997,0.92331,0.84332
0.96277,0.92547,0.84408
0.96558,0.92763,0.84484
0.96838,0.92979,0.8456
0.97118,0.93195,0.84636
0.97399,0.93412,0.84712
0.97679,0.93628,0.84788
0.9796,0.93844,0.84864
0.9824,0.9406,0.8494
0.9852,0.94276,0.85016
0.98801,0.94492,0.85092
0.9878,0.94266,0.84759
0.98733,0.94002,0.8439
0.98685,0.93737,0.84021
0.98638,0.93472,0.83652
0.98591,0.93207,0.83283
0.98544,0.92942,0.82914
0.98496,0.92677,0.82545
0.98449,0.92412,0.82176
0.98402,0.92147,0.81807
0.98354,0.91882,0.81438
0.98307,0.91617,0.81069
0.9826,0.91352,0.807
0.98212,0.91088,0.80331
0.98165,0.90823,0.79962
0.98118,0.90558,0.79593
0.9807,0.90293,0.79224
0.98023,0.90028,0.78855
0.97976,0.89763,0.78486
0.97929,0.89498,0.78117
0.97881,0.89233,0.77748
0.97834,0.88968,0.77379
0.97787,0.88703,0.7701
0.97739,0.88438,0.76641
0.97692,0.88173,0.76272
0.97645,0.87909,0.75903
0.97597,0.87644,0.75534
0.9755,0.87379,0.75166
0.97503,0.87114,0.74797
0.97455,0.86849,0.74428
0.97408,0.86584,0.74059
0.97361,0.86319,0.7369
0.97314,0.86054,0.73321
0.97266,0.85789,0.72952
0.97219,0.85524,0.72583
0.97172,0.85259,0.72214
0.97124,0.84995,0.71845
0.97077,0.8473,0.71476
0.9703,0.84465,0.71107
0.96982,0.842,0.70738
0.96935,0.83935,0.70369
0.96888,0.8367,0.7
0.96852,0.83477,0.69751
0.96828,0.83366,0.69637
0.96804,0.83254,0.69523
0.96781,0.83143,0.69409
0.96757,0.83032,0.69296
0.96733,0.8292,0.69182
0.96709,0.82809,0.69068
0.96686,0.82698,0.68954
0.96662,0.82586,0.68841
0.96638,0.82475,0.68727
0.96615,0.82364,0.68613
0.96591,0.82252,0.68499
0.96567,0.82141,0.68386
0.96544,0.82029,0.68272
0.9652,0.81918,0.68158
0.96496,0.81807,0.68045
0.96472,0.81695,0.67931
0.96449,0.81584,0.67817
0.96425,0.81473,0.67703
0.96401,0.81361,0.6759
0.96378,0.8125,0.67476
0.96354,0.81138,0.67362
0.9633,0.81027,0.67248
0.96307,0.80916,0.67135
0.96283,0.80804,0.67021
0.96259,0.80693,0.66907
0.96236,0.80582,0.66793
0.96212,0.8047,0.6668
0.96188,0.80359,0.66566
0.96164,0.80248,0.66452
0.96141,0.80136,0.66339
0.96117,0.80025,0.66225
0.96093,0.79913,0.66111
0.9607,0.79802,0.65997
0.96046,0.79691,0.65884
0.96022,0.79579,0.6577
0.95999,0.79468,0.65656
0.95975,0.79357,0.65542
0.95951,0.79245,0.65429
0.95928,0.79134,0.65315
0.95904,0.79023,0.65201
0.9588,0.78911,0.65087
0.95856,0.788,0.64974
0.95833,0.78688,0.6486
0.95809,0.78577,0.64746
0.95785,0.78466,0.64632
0.95762,0.78354,0.64519
0.95738,0.78243,0.64405
0.95714,0.78132,0.64291
0.95691,0.7802,0.64178
0.95667,0.77909,0.64064
0.95643,0.77798,0.6395
0.95619,0.77686,0.63836
0.95596,0.77575,0.63723
0.95572,0.77463,0.63609
0.95548,0.77352,0.63495
0.95525,0.77241,0.63381
0.95501,0.77129,0.63268
0.95477,0.77018,0.63154
0.95454,0.76907,0.6304
0.9543,0.76795,0.62926
0.95406,0.76684,0.62813
0.95383,0.76572,0.62699
0.95359,0.76461,0.62585
0.95335,0.7635,0.62472
0.95311,0.76238,0.62358
0.95288,0.76127,0.62244
0.95264,0.76016,0.6213
0.9524,0.75904,0.62017
0.95217,0.75793,0.61903
0.95193,0.75682,0.61789
0.95169,0.7557,0.61675
0.95146,0.75459,0.61562
0.95122,0.75347,0.61448
0.95098,0.75236,0.61334
0.95075,0.75125,0.6122
0.95051,0.75013,0.61107
0.95027,0.74902,0.60993
0.95003,0.74791,0.60879
0.9498,0.74679,0.60766
0.94956,0.74568,0.60652
0.94932,0.74457,0.60538
0.94909,0.74345,0.60424
0.94885,0.74234,0.60311
0.94861,0.74122,0.60197
0.94838,0.74011,0.60083
0.94814,0.739,0.59969
0.9479,0.73788,0.59856
0.94766,0.73677,0.59742
0.94743,0.73566,0.59628
0.94719,0.73454,0.59514
0.94695,0.73343,0.59401
0.94672,0.73232,0.59287
0.94648,0.7312,0.59173
0.94624,0.73009,0.59059
0.94601,0.72897,0.58946
0.94577,0.72786,0.58832
0.94553,0.72675,0.58718
0.9453,0.72563,0.58605
0.94506,0.72452,0.58491
0.94482,0.72341,0.58377
0.94458,0.72229,0.58263
0.94435,0.72118,0.5815
0.94411,0.72007,0.58036
0.94387,0.71895,0.57922
0.94364,0.71784,0.57808
0.9434,0.71672,0.57695
0.94316,0.71561,0.57581
0.94293,0.7145,0.57467
0.94269,0.71338,0.57353
0.94245,0.71227,0.5724
0.94222,0.71116,0.57126
0.94198,0.71004,0.57012
0.94174,0.70893,0.56899
0.9415,0.70781,0.56785
0.94127,0.7067,0.56671
0.94103,0.70559,0.56557
0.94079,0.70447,0.56444
0.94056,0.70336,0.5633
0.94032,0.70225,0.56216
0.94008,0.70113,0.56102
0.93985,0.70002,0.55989
0.93961,0.69891,0.55875
0.93937,0.69779,0.55761
0.93913,0.69668,0.55647
0.9389,0.69556,0.55534
0.93866,0.69445,0.5542
0.93842,0.69334,0.55306
0.93819,0.69222,0.55193
0.93795,0.69111,0.55079
0.93771,0.69,0.54965
0.93748,0.68888,0.54851
0.93724,0.68777,0.54738
0.937,0.68666,0.54624
0.93677,0.68554,0.5451
0.93653,0.68443,0.54396
0.93629,0.68331,0.54283
0.93605,0.6822,0.54169
0.93582,0.68109,0.54055
0.93558,0.67997,0.53941
0.93534,0.67886,0.53828
0.93511,0.67775,0.53714
0.93487,0.67663,0.536
0.93463,0.67552,0.53486
0.9344,0.67441,0.53373
0.93416,0.67329,0.53259
0.93392,0.67218,0.53145
0.93369,0.67106,0.53032
0.93345,0.66995,0.52918
0.93321,0.66884,0.52804
0.93297,0.66772,0.5269
0.93274,0.66661,0.52577
0.9325,0.6655,0.52463
0.93226,0.66438,0.52349
0.93203,0.66327,0.52235
0.93179,0.66216,0.52122
0.93155,0.66104,0.52008
0.93132,0.65993,0.51894
0.93108,0.65881,0.5178
0.93084,0.6577,0.51667
0.9306,0.65659,0.51553
0.93037,0.65547,0.51439
0.93013,0.65436,0.51326
0.92989,0.65325,0.51212
0.92966,0.65213,0.51098
0.92942,0.65102,0.50984
0.92866,0.6488,0.50795
0.92789,0.64654,0.50603
0.92711,0.64429,0.50411
0.92634,0.64203,0.50219
0.92556,0.63977,0.50027
0.92479,0.63752,0.49835
0.92402,0.63526,0.49643
0.92324,0.633,0.49451
0.92247,0.63075,0.49259
0.92169,0.62849,0.49067
0.92092,0.62623,0.48875
0.92014,0.62397,0.48683
0.91937,0.62172,0.48491
0.91859,0.61946,0.48299
0.91782,0.6172,0.48107
0.91704,0.61495,0.47915
0.91627,0.61269,0.47723
0.91549,0.61043,0.47531
0.91472,0.60818,0.47339
0.91394,0.60592,0.47147
0.91317,0.60366,0.46955
0.91239,0.6014,0.46763
0.91162,0.59915,0.46571
0.91084,0.59689,0.46379
0.91007,0.59463,0.46187
0.90929,0.59238,0.45995
0.90852,0.59012,0.45803
0.90774,0.58786,0.45611
0.90697,0.58561,0.45419
0.9062,0.58335,0.45227
0.90542,0.58109,0.45035
0.90465,0.57883,0.44843
0.90387,0.57658,0.44651
0.9031,0.57432,0.44459
0.90232,0.57206,0.44267
0.90155,0.56981,0.44075
0.90077,0.56755,0.43883
0.9,0.56529,0.43691
0.89922,0.56304,0.43499
0.89845,0.56078,0.43307
0.89767,0.55852,0.43115
0.8969,0.55627,0.42923
0.89612,0.55401,0.42731
0.89535,0.55175,0.42539
0.89457,0.54949,0.42347
0.8938,0.54724,0.42155
0.89302,0.54498,0.41963
0.89225,0.54272,0.4177
0.89147,0.54047,0.41578
0.8907,0.53821,0.41386
0.88992,0.53595,0.41194
0.88915,0.5337,0.41002
0.88838,0.53144,0.4081
0.8876,0.52918,0.40618
0.88683,0.52692,0.40426
0.88605,0.52467,0.40234
0.88528,0.52241,0.40042
0.8845,0.52015,0.3985
0.88373,0.5179,0.39658
0.88295,0.51564,0.39466
0.88218,0.51338,0.39274
0.8814,0.51113,0.39082
0.88063,0.50887,0.3889
0.87985,0.50661,0.38698
0.87908,0.50435,0.38506
0.8783,0.5021,0.38314
0.87753,0.49984,0.38122
0.87675,0.49758,0.3793
0.87598,0.49533,0.37738
0.8752,0.49307,0.37546
0.87443,0.49081,0.37354
0.87365,0.48856,0.37162
0.87288,0.4863,0.3697
0.8721,0.48404,0.36778
0.87133,0.48179,0.36586
0.87056,0.47953,0.36394
0.86978,0.47727,0.36202
0.86901,0.47501,0.3601
0.86823,0.47276,0.35818
0.86746,0.4705,0.35626
0.86668,0.46824,0.35434
0.86591,0.46599,0.35242
0.86513,0.46373,0.3505
0.86436,0.46147,0.34858
0.86358,0.45922,0.34666
0.86281,0.45696,0.34474
0.86203,0.4547,0.34282
0.86126,0.45244,0.3409
0.86048,0.45019,0.33898
0.85971,0.44793,0.33706
0.85893,0.44567,0.33514
0.85816,0.44342,0.33322
0.85738,0.44116,0.3313
0.85661,0.4389,0.32938
0.85583,0.43665,0.32746
0.85506,0.43439,0.32554
0.85428,0.43213,0.32362
0.85351,0.42987,0.3217
0.85274,0.42762,0.31978
0.85196,0.42536,0.31786
0.85119,0.4231,0.31594
0.85041,0.42085,0.31402
0.84964,0.41859,0.3121
0.84886,0.41633,0.31018
0.84809,0.41408,0.30826
0.84731,0.41182,0.30634
0.84654,0.40956,0.30442
0.84576,0.40731,0.3025
0.84499,0.40505,0.30058
0.84421,0.40279,0.29866
0.84344,0.40053,0.29674
0.84266,0.39828,0.29482
0.84189,0.39602,0.2929
0.84111,0.39376,0.29098
0.84034,0.39151,0.28906
0.83956,0.38925,0.28714
0.83846,0.38727,0.28563
0.8371,0.38552,0.28446
0.83574,0.38376,0.28329
0.83437,0.38201,0.28212
0.83301,0.38026,0.28095
0.83165,0.3785,0.27979
0.83028,0.37675,0.27862
0.82892,0.37499,0.27745
0.82755,0.37324,0.27628
0.82619,0.37149,0.27511
0.82483,0.36973,0.27394
0.82346,0.36798,0.27277
0.8221,0.36623,0.2716
0.82073,0.36447,0.27043
0.81937,0.36272,0.26926
0.81801,0.36097,0.2681
0.81664,0.35921,0.26693
0.81528,0.35746,0.26576
0.81392,0.35571,0.26459
0.81255,0.35395,0.26342
0.81119,0.3522,0.26225
0.80982,0.35045,0.26108
0.80846,0.34869,0.25991
0.8071,0.34694,0.25874
0.80573,0.34518,0.25757
0.80437,0.34343,0.25641
0.803,0.34168,0.25524
0.80164,0.33992,0.25407
0.80028,0.33817,0.2529
0.79891,0.33642,0.25173
0.79755,0.33466,0.25056
0.79618,0.33291,0.24939
0.79482,0.33116,0.24822
0.79346,0.3294,0.24705
0.79209,0.32765,0.24588
0.79073,0.3259,0.24471
0.78937,0.32414,0.24355
0.788,0.32239,0.24238
0.78664,0.32064,0.24121
0.78527,0.31888,0.24004
0.78391,0.31713,0.23887
0.78255,0.31537,0.2377
0.78118,0.31362,0.23653
0.77982,0.31187,0.23536
0.77845,0.31011,0.23419
0.77709,0.30836,0.23302
0.77573,0.30661,0.23186
0.77436,0.30485,0.23069
0.773,0.3031,0.22952
0.77164,0.30135,0.22835
0.77027,0.29959,0.22718
0.76891,0.29784,0.22601
0.76754,0.29609,0.22484
0.76618,0.29433,0.22367
0.76482,0.29258,0.2225
0.76345,0.29083,0.22133
0.76209,0.28907,0.22017
0.76072,0.28732,0.219
0.75936,0.28556,0.21783
0.758,0.28381,0.21666
0.75663,0.28206,0.21549
0.75527,0.2803,0.21432
0.75391,0.27855,0.21315
0.75254,0.2768,0.21198
0.75118,0.27504,0.21081
0.74981,0.27329,0.20964
0.74845,0.27154,0.20847
0.74709,0.26978,0.20731
0.74572,0.26803,0.20614
0.74436,0.26628,0.20497
0.74299,0.26452,0.2038
0.74163,0.26277,0.20263
0.74027,0.26102,0.20146
0.7389,0.25926,0.20029
0.73754,0.25751,0.19912
0.73618,0.25575,0.19795
0.73481,0.254,0.19678
0.73345,0.25225,0.19562
0.73208,0.25049,0.19445
0.73072,0.24874,0.19328
0.72936,0.24699,0.19211
0.72799,0.24523,0.19094
0.72663,0.24348,0.18977
0.72526,0.24173,0.1886
0.7239,0.23997,0.18743
0.72254,0.23822,0.18626
0.72117,0.23647,0.18509
0.71981,0.23471,0.18393
0.71844,0.23296,0.18276
0.71708,0.23121,0.18159
0.71572,0.22945,0.18042
0.71435,0.2277,0.17925
0.71299,0.22594,0.17808
0.71163,0.22419,0.17691
0.71026,0.22244,0.17574
0.7089,0.22068,0.17457
0.70753,0.21893,0.1734
0.70617,0.21718,0.17223
0.70481,0.21542,0.17107
0.70344,0.21367,0.1699
0.70208,0.21192,0.16873
0.70068,0.21028,0.16769
0.69927,0.20866,0.16666
0.69786,0.20704,0.16563
0.69646,0.20541,0.1646
0.69505,0.20379,0.16358
0.69364,0.20217,0.16255
0.69224,0.20054,0.16152
0.69083,0.19892,0.16049
0.68942,0.1973,0.15947
0.68802,0.19568,0.15844
0.68661,0.19405,0.15741
0.6852,0.19243,0.15638
0.6838,0.19081,0.15535
0.68239,0.18918,0.15433
0.68098,0.18756,0.1533
0.67958,0.18594,0.15227
0.67817,0.18432,0.15124
0.67677,0.18269,0.15021
0.67536,0.18107,0.14919
0.67395,0.17945,0.14816
0.67255,0.17782,0.14713
0.67114,0.1762,0.1461
0.66973,0.17458,0.14508
0.66833,0.17296,0.14405
0.66692,0.17133,0.14302
0.66551,0.16971,0.14199
0.66411,0.16809,0.14096
0.6627,0.16646,0.13994
0.66129,0.16484,0.13891
0.65989,0.16322,0.13788
0.65848,0.1616,0.13685
0.65707,0.15997,0.13583
0.65567,0.15835,0.1348
0.65426,0.15673,0.13377
0.65285,0.1551,0.13274
0.65145,0.15348,0.13171
0.65004,0.15186,0.13069
0.64864,0.15024,0.12966
0.64723,0.14861,0.12863
0.64582,0.14699,0.1276
0.64442,0.14537,0.12658
0.64301,0.14374,0.12555
0.6416,0.14212,0.12452
0.6402,0.1405,0.12349
0.63879,0.13888,0.12246
0.63738,0.13725,0.12144
0.63598,0.13563,0.12041
0.63457,0.13401,0.11938
0.63316,0.13238,0.11835
0.63176,0.13076,0.11732
0.63035,0.12914,0.1163
0.62894,0.12752,0.11527
0.62754,0.12589,0.11424
0.62613,0.12427,0.11321
0.62472,0.12265,0.11219
0.62332,0.12102,0.11116
0.62191,0.1194,0.11013
0.62051,0.11778,0.1091
0.6191,0.11615,0.10807
0.61769,0.11453,0.10705
0.61629,0.11291,0.10602
0.61488,0.11129,0.10499
0.61347,0.10966,0.10396
0.61207,0.10804,0.10294
0.61066,0.10642,0.10191
0.60925,0.10479,0.10088
0.60785,0.10317,0.099852
0.60644,0.10155,0.098824
0.60503,0.099926,0.097796
0.60363,0.098303,0.096769
0.60222,0.09668,0.095741
0.60081,0.095057,0.094713
0.59945,0.093876,0.094294
0.59814,0.093301,0.094712
0.59684,0.092726,0.09513
0.59553,0.092152,0.095548
0.59422,0.091577,0.095966
0.59292,0.091002,0.096384
0.59161,0.090427,0.096802
0.59031,0.089852,0.09722
0.589,0.089278,0.097638
0.58769,0.088703,0.098056
0.58639,0.088128,0.098474
0.58508,0.087553,0.098892
0.58377,0.086979,0.09931
0.58247,0.086404,0.099728
0.58116,0.085829,0.10015
0.57986,0.085254,0.10056
0.57855,0.084679,0.10098
0.57724,0.084105,0.1014
0.57594,0.08353,0.10182
0.57463,0.082955,0.10224
0.57332,0.08238,0.10265
0.57202,0.081806,0.10307
0.57071,0.081231,0.10349
0.56941,0.080656,0.10391
0.5681,0.080081,0.10433
0.56679,0.079506,0.10474
0.56549,0.078932,0.10516
0.56418,0.078357,0.10558
0.56287,0.077782,0.106
0.56157,0.077207,0.10642
0.56026,0.076633,0.10683
0.55895,0.076058,0.10725
0.55765,0.075483,0.10767
0.55634,0.074908,0.10809
0.55504,0.074333,0.10851
0.55373,0.073759,0.10892
0.55242,0.073184,0.10934
0.55112,0.072609,0.10976
0.54981,0.072034,0.11018
0.5485,0.07146,0.1106
0.5472,0.070885,0.11101
0.54589,0.07031,0.11143
0.54459,0.069735,0.11185
0.54328,0.06916,0.11227
0.54197,0.068586,0.11269
0.54067,0.068011,0.1131
0.53936,0.067436,0.11352
0.53805,0.066861,0.11394
0.53675,0.066287,0.11436
0.53544,0.065712,0.11478
0.53414,0.065137,0.11519
0.53283,0.064562,0.11561
0.53152,0.063987,0.11603
0.53022,0.063413,0.11645
0.52891,0.062838,0.11687
0.5276,0.062263,0.11728
0.5263,0.061688,0.1177
0.52499,0.061113,0.11812
0.52368,0.060539,0.11854
0.52238,0.059964,0.11896
0.52107,0.059389,0.11937
0.51977,0.058814,0.11979
0.51846,0.05824,0.12021
0.51715,0.057665,0.12063
0.51585,0.05709,0.12105
0.51454,0.056515,0.12146
0.51323,0.05594,0.12188
0.51193,0.055366,0.1223
0.51062,0.054791,0.12272
0.50932,0.054216,0.12314
0.50801,0.053641,0.12355
0.5067,0.053067,0.12397
0.5054,0.052492,0.12439
0.50409,0.051917,0.12481
0.50278,0.051342,0.12523
0.50151,0.051038,0.12574
0.50029,0.051194,0.12643
0.49907,0.051351,0.12712
0.49785,0.051507,0.12781
0.49663,0.051663,0.1285
0.49541,0.05182,0.12919
0.49419,0.051976,0.12987
0.49297,0.052133,0.13056
0.49175,0.052289,0.13125
0.49053,0.052445,0.13194
0.48931,0.052602,0.13263
0.48809,0.052758,0.13331
0.48687,0.052915,0.134
0.48565,0.053071,0.13469
0.48443,0.053227,0.13538
0.48321,0.053384,0.13607
0.48199,0.05354,0.13676
0.48077,0.053697,0.13744
0.47955,0.053853,0.13813
0.47833,0.054009,0.13882
0.47711,0.054166,0.13951
0.47589,0.054322,0.1402
0.47467,0.054479,0.14088
0.47345,0.054635,0.14157
0.47223,0.054791,0.14226
0.47101,0.054948,0.14295
0.46979,0.055104,0.14364
0.46857,0.055261,0.14432
0.46735,0.055417,0.14501
0.46613,0.055573,0.1457
0.46491,0.05573,0.14639
0.46369,0.055886,0.14708
0.46247,0.056043,0.14777
0.46125,0.056199,0.14845
0.46003,0.056355,0.14914
0.45881,0.056512,0.14983
0.45759,0.056668,0.15052
0.45637,0.056825,0.15121
0.45515,0.056981,0.15189
0.45393,0.057137,0.15258
0.45271,0.057294,0.15327
0.45149,0.05745,0.15396
0.45027,0.057607,0.15465
0.44905,0.057763,0.15534
0.44783,0.057919,0.15602
0.44661,0.058076,0.15671
0.44539,0.058232,0.1574
0.44417,0.058389,0.15809
0.44295,0.058545,0.15878
0.44173,0.058702,0.15946
0.44051,0.058858,0.16015
0.43929,0.059014,0.16084
0.43807,0.059171,0.16153
0.43685,0.059327,0.16222
0.43563,0.059484,0.16291
0.43441,0.05964,0.16359
0.43319,0.059796,0.16428
0.43197,0.059953,0.16497
0.43075,0.060109,0.16566
0.42953,0.060266,0.16635
0.42831,0.060422,0.16703
0.42709,0.060578,0.16772
0.42587,0.060735,0.16841
0.42465,0.060891,0.1691
0.42344,0.061048,0.16979
0.42222,0.061204,0.17048
0.421,0.06136,0.17116
0.41978,0.061517,0.17185
0.41856,0.061673,0.17254
0.41734,0.06183,0.17323
0.41612,0.061986,0.17392
0.4149,0.062142,0.1746
0.41368,0.062299,0.17529
0.41246,0.062455,0.17598
0.41124,0.062612,0.17667
0.41002,0.062768,0.17736
0.4088,0.062924,0.17804
0.40758,0.063081,0.17873
0.40636,0.063237,0.17942
0.40514,0.063394,0.18011
0.40392,0.06355,0.1808
0.4027,0.063706,0.18149
0.40148,0.063863,0.18217
0.40026,0.064019,0.18286
0.39904,0.064176,0.18355
0.39782,0.064332,0.18424
0.3966,0.064488,0.18493
0.39538,0.064645,0.18561
0.39416,0.064801,0.1863
0.39294,0.064958,0.18699
0.39172,0.065114,0.18768
0.3905,0.06527,0.18837
0.38928,0.065427,0.18906
0.38806,0.065583,0.18974
0.38684,0.06574,0.19043
0.38562,0.065896,0.19112
0.3844,0.066052,0.19181
0.38318,0.066209,0.1925
0.38196,0.066365,0.19318
0.38074,0.066522,0.19387
0.37952,0.066678,0.19456
0.3783,0.066834,0.19525
0.37708,0.066991,0.19594
0.37586,0.067147,0.19663
0.37464,0.067304,0.19731
0.37342,0.06746,0.198
0.3722,0.067616,0.19869
0.37098,0.067773,0.19938
0.36976,0.067929,0.20007
0.36854,0.068086,0.20075
0.36732,0.068242,0.20144
0.3661,0.068398,0.20213
0.36488,0.068555,0.20282
0.36366,0.068711,0.20351
0.36244,0.068868,0.2042
0.36122,0.069024,0.20488
0.36,0.06918,0.20557
0.35878,0.069337,0.20626
0.35756,0.069493,0.20695
0.35634,0.06965,0.20764
0.35512,0.069806,0.20832
0.3539,0.069962,0.20901
0.35268,0.070119,0.2097
0.35146,0.070275,0.21039
0.35024,0.070432,0.21108
0.34902,0.070588,0.21177
